local Library = loadstring(game:HttpGet("https://raw.githubusercontent.com/xHeptc/Kavo-UI-Library/main/source.lua"))()
local Window = Library.CreateLib("Kawnew X HUB I Game", "DarkTheme")
local Tab = Window:NewTab("Home")
local Section = Tab:NewSection("Game")
Section:NewButton("Tower of Jump", "script Tower of Jump", function()
local GetService = setmetatable({}, {
    __index = function(RightControl, key)
        return game:GetService(key)
    end
})
local Library = loadstring(game:HttpGet("https://pastebin.com/raw/PTrFUueU"))()
local NotifyLibrary = loadstring(game:HttpGet("https://raw.githubusercontent.com/Kinlei/Dynissimo/main/Scripts/AkaliNotif.lua"))()
local Notify = NotifyLibrary.Notify
Library.theme.accentcolor = Color3.new(1)

local RunService = GetService.RunService
local Players = GetService.Players
local LocalPlayer = Players.LocalPlayer
local Mouse = LocalPlayer:GetMouse()
local CurrentCamera = workspace.CurrentCamera
local UserInputService = GetService.UserInputService
local GuiInset = GetService.GuiService:GetGuiInset()
local AimbotFOV = Drawing.new("Circle")
AimbotFOV.Thickness = 1
local SilentAimFOV = Drawing.new("Circle")
SilentAimFOV.Thickness = 1
local Insert = table.insert
local Network = GetService.NetworkClient
local PuppywareFolder = Instance.new("Folder", workspace)
PuppywareFolder.Name = "cultware-Folder"
local StarterGui = GetService.StarterGui
local ReplicatedStorage = GetService.ReplicatedStorage
local Window = Library:CreateWindow("Kawnew X HUB I Tower of Jump               [Right Control]", Vector2.new(492, 598), Enum.KeyCode.RightControl)
local AimingTab = Window:CreateTab("auto Farm")
local LegitSection = AimingTab:CreateSector("auto farm", "left")
LegitSection:AddToggle('Enabled', false, function(state)
    _G.coin = state;
while _G.coin do wait()
game.Players.LocalPlayer.Character.HumanoidRootPart.CFrame = CFrame.new(33.954834, 219.230957, 142.358139, 0.0225519557, -1.02472795e-08, 0.999745667, -7.82051117e-08, 1, 1.20140138e-08, -0.999745667, -7.84561607e-08, 0.0225519557)
    wait(0)
end
end)
local WhitelistSection = AimingTab:CreateSector("Main", "left")
WhitelistSection:AddButton('go win', function()
game.Players.LocalPlayer.Character.HumanoidRootPart.CFrame = CFrame.new(32.4362869, 227.097046, 141.844177, -0.999397516, 0.0034255716, 0.0345387235, 5.19089083e-09, 0.995117605, -0.0986962169, -0.0347081833, -0.0986367539, -0.994518042)
end)
WhitelistSection:AddButton('tp to win room', function()
game.Players.LocalPlayer.Character.HumanoidRootPart.CFrame = CFrame.new(-38445.5, 391.000031, 0.821154594, 1, 0, 0, 0, 1, 0, 0, 0, 1)
end)
WhitelistSection:AddButton('flyjump', function()
game:GetService("UserInputService").JumpRequest:connect(function()game:GetService"Players".LocalPlayer.Character:FindFirstChildOfClass'Humanoid':ChangeState("Jumping")end)
end)
end)
Section:NewButton("Daycare 2", "script Daycare 2", function()
local GetService = setmetatable({}, {
    __index = function(RightControl, key)
        return game:GetService(key)
    end
})
local Library = loadstring(game:HttpGet("https://pastebin.com/raw/PTrFUueU"))()
local NotifyLibrary = loadstring(game:HttpGet("https://raw.githubusercontent.com/Kinlei/Dynissimo/main/Scripts/AkaliNotif.lua"))()
local Notify = NotifyLibrary.Notify
Library.theme.accentcolor = Color3.new(1)

local RunService = GetService.RunService
local Players = GetService.Players
local LocalPlayer = Players.LocalPlayer
local Mouse = LocalPlayer:GetMouse()
local CurrentCamera = workspace.CurrentCamera
local UserInputService = GetService.UserInputService
local GuiInset = GetService.GuiService:GetGuiInset()
local AimbotFOV = Drawing.new("Circle")
AimbotFOV.Thickness = 1
local SilentAimFOV = Drawing.new("Circle")
SilentAimFOV.Thickness = 1
local Insert = table.insert
local Network = GetService.NetworkClient
local PuppywareFolder = Instance.new("Folder", workspace)
PuppywareFolder.Name = "cultware-Folder"
local StarterGui = GetService.StarterGui
local ReplicatedStorage = GetService.ReplicatedStorage
local Window = Library:CreateWindow("Kawnew X HUB I Daycare 2                   [Right Control]", Vector2.new(492, 598), Enum.KeyCode.RightControl)
local AimingTab = Window:CreateTab("เมนู")
local WhitelistSection = AimingTab:CreateSector("วาป", "left")
WhitelistSection:AddButton('Spawn', function()
game.Players.LocalPlayer.Character.HumanoidRootPart.CFrame = CFrame.new(0.465837449, 6.58177948, -19.6367207, -0.997486711, 2.22391522e-10, -0.0708534196, -4.05218858e-10, 1, 8.84349571e-09, 0.0708534196, 8.84998119e-09, -0.997486711)
end)
WhitelistSection:AddButton('men s room', function()
game.Players.LocalPlayer.Character.HumanoidRootPart.CFrame = CFrame.new(-0.236959249, 28.6817741, 88.3053131, -0.999628127, -3.84809198e-08, -0.0272697844, -3.54889558e-08, 1, -1.10201206e-07, 0.0272697844, -1.09192449e-07, -0.999628127)
end)
WhitelistSection:AddButton('ladies room', function()
game.Players.LocalPlayer.Character.HumanoidRootPart.CFrame = CFrame.new(-0.21194528, 28.6817741, 32.8218193, 0.999833107, 2.68496492e-09, -0.0182684269, -9.14781917e-10, 1, 9.69068452e-08, 0.0182684269, -9.68739613e-08, 0.999833107)
end)
WhitelistSection:AddButton('living room', function()
game.Players.LocalPlayer.Character.HumanoidRootPart.CFrame = CFrame.new(-0.162207276, 8.76954937, 18.1605167, -0.246306017, -4.17624584e-08, -0.969192088, 7.39475112e-08, 1, -6.18826519e-08, 0.969192088, -8.69114132e-08, -0.246306017)
end)
WhitelistSection:AddButton('electric room', function()
game.Players.LocalPlayer.Character.HumanoidRootPart.CFrame = CFrame.new(79.4181442, 6.78179455, 94.4090424, -0.00352609204, -2.99339581e-10, -0.999993801, 3.09721193e-10, 1, -3.00433567e-10, 0.999993801, -3.10778625e-10, -0.00352609204)
end)
WhitelistSection:AddButton('red room', function()
game.Players.LocalPlayer.Character.HumanoidRootPart.CFrame = CFrame.new(58.3958282, -35.7482567, 81.7957306, 0.995854616, 1.49354591e-08, -0.0909589231, -5.45958256e-09, 1, 1.04426348e-07, 0.0909589231, -1.03496866e-07, 0.995854616)
end)
WhitelistSection:AddButton('mine', function()
game.Players.LocalPlayer.Character.HumanoidRootPart.CFrame = CFrame.new(-188.103409, 6.78178596, 702.684082, 0.813474655, 8.64902319e-08, -0.581600368, -6.16798701e-08, 1, 6.24401508e-08, 0.581600368, -1.49204435e-08, 0.813474655)
end)
WhitelistSection:AddButton('TV', function()
game.Players.LocalPlayer.Character.HumanoidRootPart.CFrame = CFrame.new(69.7268219, 9.08177948, 52.4752655, 0.0487137921, -6.5216426e-08, -0.998812795, 9.96775569e-08, 1, -6.04324981e-08, 0.998812795, -9.66153166e-08, 0.0487137921)
end)
WhitelistSection:AddButton('elevator, 1st floor', function()
game.Players.LocalPlayer.Character.HumanoidRootPart.CFrame = CFrame.new(58.2000084, 4.50001335, 94.6999817, 1, 0, 0, 0, 1, 0, 0, 0, 1)
end)
WhitelistSection:AddButton('elevator, 2nd floor', function()
game.Players.LocalPlayer.Character.HumanoidRootPart.CFrame = CFrame.new(58.2358055, 28.5817871, 93.3018417, 0.99989295, 2.95935543e-08, -0.0146318469, -2.78232548e-08, 1, 1.21192983e-07, 0.0146318469, -1.20772896e-07, 0.99989295)
end)
WhitelistSection:AddButton('train', function()
game.Players.LocalPlayer.Character.HumanoidRootPart.CFrame = CFrame.new(-1138.67273, 39.1933403, 894.228455, -0.871047318, 1.16644925e-08, 0.491199136, 8.40449932e-09, 1, -8.84320883e-09, -0.491199136, -3.57457086e-09, -0.871047318)
end)
WhitelistSection:AddButton('camp', function()
game.Players.LocalPlayer.Character.HumanoidRootPart.CFrame = CFrame.new(113.041061, 6.78177929, 530.428162, -0.807584226, -2.22315837e-08, 0.589752257, -4.95661752e-08, 1, -3.01775493e-08, -0.589752257, -5.36026761e-08, -0.807584226)
end)
WhitelistSection:AddButton('Monster room', function()
game.Players.LocalPlayer.Character.HumanoidRootPart.CFrame = CFrame.new(-141.687668, -29.8181725, 896.569397, 0.0307457037, -1.59963403e-08, 0.999527216, -1.92628349e-08, 1, 1.65964362e-08, -0.999527216, -1.97639967e-08, 0.0307457037)
end)
WhitelistSection:AddButton('bridge', function()
game.Players.LocalPlayer.Character.HumanoidRootPart.CFrame = CFrame.new(240.601227, 7.28275394, 952.305237, -0.999346197, 5.97112688e-08, 0.0361546241, 5.74521515e-08, 1, -6.35237711e-08, -0.0361546241, -6.14050819e-08, -0.999346197)
end)
WhitelistSection:AddButton('football field', function()
game.Players.LocalPlayer.Character.HumanoidRootPart.CFrame = CFrame.new(-0.00313759339, 6.08177948, 237.045639, -0.999609709, 3.68889701e-08, 0.0279359613, 3.37005908e-08, 1, -1.14602656e-07, -0.0279359613, -1.13616473e-07, -0.999609709)
end)
local WhitelistSection = AimingTab:CreateSector("Main", "left")
WhitelistSection:AddButton('Btools', function()
loadstring(game:HttpGet("https://cdn.wearedevs.net/scripts/BTools.txt"))()
end)
WhitelistSection:AddButton('Infinite Yield Admin', function()
loadstring(game:HttpGet(('https://raw.githubusercontent.com/EdgeIY/infiniteyield/master/source'),true))()
end)
end)
Section:NewButton("The Mimic", "script The Mimic", function()
local GetService = setmetatable({}, {
    __index = function(RightControl, key)
        return game:GetService(key)
    end
})
local Library = loadstring(game:HttpGet("https://pastebin.com/raw/PTrFUueU"))()
local NotifyLibrary = loadstring(game:HttpGet("https://raw.githubusercontent.com/Kinlei/Dynissimo/main/Scripts/AkaliNotif.lua"))()
local Notify = NotifyLibrary.Notify
Library.theme.accentcolor = Color3.new(1)

local RunService = GetService.RunService
local Players = GetService.Players
local LocalPlayer = Players.LocalPlayer
local Mouse = LocalPlayer:GetMouse()
local CurrentCamera = workspace.CurrentCamera
local UserInputService = GetService.UserInputService
local GuiInset = GetService.GuiService:GetGuiInset()
local AimbotFOV = Drawing.new("Circle")
AimbotFOV.Thickness = 1
local SilentAimFOV = Drawing.new("Circle")
SilentAimFOV.Thickness = 1
local Insert = table.insert
local Network = GetService.NetworkClient
local PuppywareFolder = Instance.new("Folder", workspace)
PuppywareFolder.Name = "cultware-Folder"
local StarterGui = GetService.StarterGui
local ReplicatedStorage = GetService.ReplicatedStorage
local Window = Library:CreateWindow("Kawnew X HUB I The Mimic                   [Right Control]", Vector2.new(492, 598), Enum.KeyCode.RightControl)
local AimingTab = Window:CreateTab("BOOK 1")
local WhitelistSection = AimingTab:CreateSector("Ch 1", "left")
WhitelistSection:AddButton('P 1', function()
game.Players.LocalPlayer.Character.HumanoidRootPart.CFrame = CFrame.new(3474.46875, 40.4033699, -1537.45325, 0.0286226533, -4.13259222e-08, -0.999590278, -3.81809606e-09, 1, -4.14521892e-08, 0.999590278, 5.00300334e-09, 0.0286226533)
end)
WhitelistSection:AddButton('P 2', function()
game.Players.LocalPlayer.Character.HumanoidRootPart.CFrame = CFrame.new(1275.93372, 202.539978, -2537.45435, -0.000498550013, 3.43718964e-09, -0.999999881, 1.60100679e-08, 1, 3.42920825e-09, 0.999999881, -1.60083573e-08, -0.000498550013)
end)
local WhitelistSection = AimingTab:CreateSector("Ch 2", "right")
WhitelistSection:AddButton('P 1', function()
game.Players.LocalPlayer.Character.HumanoidRootPart.CFrame = CFrame.new(78.0425568, 54.030365, -1635.11987, 0.999915004, -3.93905086e-09, -0.013039683, 3.62363028e-09, 1, -2.42128948e-08, 0.013039683, 2.41635849e-08, 0.999915004)
end)
WhitelistSection:AddButton('P 2', function()
game.Players.LocalPlayer.Character.HumanoidRootPart.CFrame = CFrame.new(234.23584, 98.1506653, -594.540527, 0.999678671, -3.32580505e-08, 0.0253491737, 3.45441649e-08, 1, -5.02981052e-08, -0.0253491737, 5.11576062e-08, 0.999678671)
end)
WhitelistSection:AddButton('P 3', function()
game.Players.LocalPlayer.Character.HumanoidRootPart.CFrame = CFrame.new(1047.26172, 79.7148743, -354.922913, -0.0265771914, 3.39833477e-08, -0.999646783, 4.22796909e-08, 1, 3.28712808e-08, 0.999646783, -4.13911323e-08, -0.0265771914)
end)
local WhitelistSection = AimingTab:CreateSector("Ch 3", "left")
WhitelistSection:AddButton('P 1', function()
game.Players.LocalPlayer.Character.HumanoidRootPart.CFrame = CFrame.new(2410.3418, -20.0311165, 2281.75952, -0.999902725, -1.31359412e-08, 0.0139497668, -1.39772389e-08, 1, -6.02115904e-08, -0.0139497668, -6.04007084e-08, -0.999902725)
end)
WhitelistSection:AddButton('P 2', function()
game.Players.LocalPlayer.Character.HumanoidRootPart.CFrame = CFrame.new(-299.161285, 91.0101166, -543.072083, -0.969055355, -3.47632607e-08, 0.246843442, -5.21559258e-08, 1, -6.39219735e-08, -0.246843442, -7.48182742e-08, -0.969055355)
end)
WhitelistSection:AddButton('P 3', function()
game.Players.LocalPlayer.Character.HumanoidRootPart.CFrame = CFrame.new(737.560974, 195.663223, -1465.97168, 0.997842371, 0, 0.0656556115, 0, 1, 0, -0.0656556115, 0, 0.997842371)
end)
local WhitelistSection = AimingTab:CreateSector("Ch 4 not finished yet", "right")
WhitelistSection:AddButton('P 1', function()

end)
WhitelistSection:AddButton('P 2', function()

end)
WhitelistSection:AddButton('P 3', function()

end)
WhitelistSection:AddButton('P 4', function()

end)
local AimingTab = Window:CreateTab("game mode")
local WhitelistSection = AimingTab:CreateSector("The Witch Trials", "left")
WhitelistSection:AddButton('P 1', function()
game.Players.LocalPlayer.Character.HumanoidRootPart.CFrame = CFrame.new(2516.21558, 9.27424049, -1170.41174, 0.691722572, 5.40254668e-08, -0.72216332, 2.09084816e-09, 1, 7.68133077e-08, 0.72216332, -5.46434329e-08, 0.691722572)
end)
WhitelistSection:AddButton('P 2', function()
game.Players.LocalPlayer.Character.HumanoidRootPart.CFrame = CFrame.new(-425.528809, 24.1859779, -1461.61243, 0.389050335, -1.08393706e-07, -0.921216488, 2.64612563e-08, 1, -1.06488478e-07, 0.921216488, 1.7052832e-08, 0.389050335)
end)
WhitelistSection:AddButton('P 3', function()
game.Players.LocalPlayer.Character.HumanoidRootPart.CFrame = CFrame.new(2478.8396, 10.0624981, 638.183289, -0.00256350706, -1.73633019e-08, -0.999996722, -2.22554364e-10, 1, -1.73627885e-08, 0.999996722, 1.78043996e-10, -0.00256350706)
end)
local AimingTab = Window:CreateTab("other")
local WhitelistSection = AimingTab:CreateSector("other", "left")
WhitelistSection:AddButton('Fullbright', function()
if not _G.FullBrightExecuted then

    _G.FullBrightEnabled = false

    _G.NormalLightingSettings = {
        Brightness = game:GetService("Lighting").Brightness,
        ClockTime = game:GetService("Lighting").ClockTime,
        FogEnd = game:GetService("Lighting").FogEnd,
        GlobalShadows = game:GetService("Lighting").GlobalShadows,
        Ambient = game:GetService("Lighting").Ambient
    }

    game:GetService("Lighting"):GetPropertyChangedSignal("Brightness"):Connect(function()
        if game:GetService("Lighting").Brightness ~= 1 and game:GetService("Lighting").Brightness ~= _G.NormalLightingSettings.Brightness then
            _G.NormalLightingSettings.Brightness = game:GetService("Lighting").Brightness
            if not _G.FullBrightEnabled then
                repeat
                    wait()
                until _G.FullBrightEnabled
            end
            game:GetService("Lighting").Brightness = 1
        end
    end)

    game:GetService("Lighting"):GetPropertyChangedSignal("ClockTime"):Connect(function()
        if game:GetService("Lighting").ClockTime ~= 12 and game:GetService("Lighting").ClockTime ~= _G.NormalLightingSettings.ClockTime then
            _G.NormalLightingSettings.ClockTime = game:GetService("Lighting").ClockTime
            if not _G.FullBrightEnabled then
                repeat
                    wait()
                until _G.FullBrightEnabled
            end
            game:GetService("Lighting").ClockTime = 12
        end
    end)

    game:GetService("Lighting"):GetPropertyChangedSignal("FogEnd"):Connect(function()
        if game:GetService("Lighting").FogEnd ~= 786543 and game:GetService("Lighting").FogEnd ~= _G.NormalLightingSettings.FogEnd then
            _G.NormalLightingSettings.FogEnd = game:GetService("Lighting").FogEnd
            if not _G.FullBrightEnabled then
                repeat
                    wait()
                until _G.FullBrightEnabled
            end
            game:GetService("Lighting").FogEnd = 786543
        end
    end)

    game:GetService("Lighting"):GetPropertyChangedSignal("GlobalShadows"):Connect(function()
        if game:GetService("Lighting").GlobalShadows ~= false and game:GetService("Lighting").GlobalShadows ~= _G.NormalLightingSettings.GlobalShadows then
            _G.NormalLightingSettings.GlobalShadows = game:GetService("Lighting").GlobalShadows
            if not _G.FullBrightEnabled then
                repeat
                    wait()
                until _G.FullBrightEnabled
            end
            game:GetService("Lighting").GlobalShadows = false
        end
    end)

    game:GetService("Lighting"):GetPropertyChangedSignal("Ambient"):Connect(function()
        if game:GetService("Lighting").Ambient ~= Color3.fromRGB(178, 178, 178) and game:GetService("Lighting").Ambient ~= _G.NormalLightingSettings.Ambient then
            _G.NormalLightingSettings.Ambient = game:GetService("Lighting").Ambient
            if not _G.FullBrightEnabled then
                repeat
                    wait()
                until _G.FullBrightEnabled
            end
            game:GetService("Lighting").Ambient = Color3.fromRGB(178, 178, 178)
        end
    end)

    game:GetService("Lighting").Brightness = 1
    game:GetService("Lighting").ClockTime = 12
    game:GetService("Lighting").FogEnd = 786543
    game:GetService("Lighting").GlobalShadows = false
    game:GetService("Lighting").Ambient = Color3.fromRGB(178, 178, 178)

    local LatestValue = true
    spawn(function()
        repeat
            wait()
        until _G.FullBrightEnabled
        while wait() do
            if _G.FullBrightEnabled ~= LatestValue then
                if not _G.FullBrightEnabled then
                    game:GetService("Lighting").Brightness = _G.NormalLightingSettings.Brightness
                    game:GetService("Lighting").ClockTime = _G.NormalLightingSettings.ClockTime
                    game:GetService("Lighting").FogEnd = _G.NormalLightingSettings.FogEnd
                    game:GetService("Lighting").GlobalShadows = _G.NormalLightingSettings.GlobalShadows
                    game:GetService("Lighting").Ambient = _G.NormalLightingSettings.Ambient
                else
                    game:GetService("Lighting").Brightness = 1
                    game:GetService("Lighting").ClockTime = 12
                    game:GetService("Lighting").FogEnd = 786543
                    game:GetService("Lighting").GlobalShadows = false
                    game:GetService("Lighting").Ambient = Color3.fromRGB(178, 178, 178)
                end
                LatestValue = not LatestValue
            end
        end
    end)
end

_G.FullBrightExecuted = true
_G.FullBrightEnabled = not _G.FullBrightEnabled
end)
end)
Section:NewButton("Break In (Story)", "script Break In (Story)", function()
local library = loadstring(game:HttpGet("https://raw.githubusercontent.com/naypramx/Ui__Project/Script/XeNonUi", true))()
library:CreateWatermark("Kawnew X HUB | Break In (Story)")
local CenterHubNo1 = library:CreateWindow("Kawnew X HUB I Break In (Story)            [Right Control]",Enum.KeyCode.RightControl)
local AimingTab = CenterHubNo1:CreateTab("Main")
local WhitelistSection = AimingTab:CreateSector("Main", "left")
WhitelistSection:AddLabel("|Main|")
WhitelistSection:AddSeperator("Speed")
WhitelistSection:AddSlider("Speed",1,50,500,1,function(abc)
    Select = abc
end)
WhitelistSection:AddToggle("Speed Hack",false,function(HACK)
       _G.s1s = HACK or false
       while _G.s1s do
    game.Players.LocalPlayer.Character.Humanoid.WalkSpeed = Select
wait()
       end
end)
WhitelistSection:AddSeperator("Main")
WhitelistSection:AddButton('Befriend Cat', function()
    local Target = game:GetService("ReplicatedStorage").RemoteEvents.Cattery;
    Target:FireServer();
end)
WhitelistSection:AddButton('Enable Tooldrop', function()
    while wait() do
        for i,v in pairs(game:GetService("Players").LocalPlayer.Backpack:GetChildren()) do
            if v:IsA("Tool") then
                  v.CanBeDropped = true
            end
        end
    end
end)
WhitelistSection:AddButton('Heal All', function()
        for i,v in pairs(game:GetService("Players"):GetChildren()) do
    
            game:GetService("ReplicatedStorage").RemoteEvents.CurePlayer:FireServer(v)
            game:GetService("ReplicatedStorage").RemoteEvents.HealPlayer:FireServer(v)
        
        end
end)
WhitelistSection:AddButton('Remove Tools', function()
         for i,v in pairs(game:GetService("Players").LocalPlayer.Backpack:GetChildren()) do
         if v:IsA("Tool") then
              v:Destroy()
         end
        end
end)
WhitelistSection:AddButton('Insta Heal', function()
       for i = 1, 200 do
        
            local A_1 = "Cat"
            local Event = game:GetService("ReplicatedStorage").RemoteEvents.Energy
            Event:FireServer(A_1)
    
        end
end)
WhitelistSection:AddButton('Cooking Pan', function()
        game.ReplicatedStorage.RemoteEvents.BuyItem:FireServer("Pan", 0)
end)
WhitelistSection:AddButton('kill Enemies', function()
        for i,v in pairs(game.Workspace.BadGuys:GetChildren()) do
    
            for i = 1, 50 do
    
                game:GetService("ReplicatedStorage").RemoteEvents.HitBadguy:FireServer(v,10)
                game:GetService("ReplicatedStorage").RemoteEvents.HitBadguy:FireServer(v,996)
                game:GetService("ReplicatedStorage").RemoteEvents.HitBadguy:FireServer(v,9)
                game:GetService("ReplicatedStorage").RemoteEvents.HitBadguy:FireServer(v,996)
    
            end
    
            end
end)
WhitelistSection:AddButton('unlock Vavlt', function()
    if workspace:findFirstChild("CodeNote") then
    game.ReplicatedStorage.RemoteEvents.Safe:FireServer(workspace.CodeNote.SurfaceGui.TextLabel.Text)
    end
end)
WhitelistSection:AddSeperator("God Mode (Befriend Cat)")
WhitelistSection:AddToggle('Enabled', false, function(state)
_G.AutoFarm = state

function AutoFarm()
       for i = 1, 1 do
        
            local A_1 = "Cat"
            local Event = game:GetService("ReplicatedStorage").RemoteEvents.Energy
            Event:FireServer(A_1)
    
        end
end

while _G.AutoFarm do wait() -- Loop Auto farm
    pcall(function()
    AutoFarm()
    end)
end
end)
local AimingTab = CenterHubNo1:CreateTab("Give Stuff")
local WhitelistSection = AimingTab:CreateSector("Give Stuff", "left")
WhitelistSection:AddLabel("|Give Stuff|")
WhitelistSection:AddSeperator("Give Stuff")
WhitelistSection:AddButton('Chips', function()
        game.ReplicatedStorage.RemoteEvents.GiveTool:FireServer("Chips")
end)
WhitelistSection:AddButton('BloxyCola', function()
        game.ReplicatedStorage.RemoteEvents.GiveTool:FireServer("BloxyCola")
end)
WhitelistSection:AddButton('Lolipop', function()
        game.ReplicatedStorage.RemoteEvents.GiveTool:FireServer("Lollipop")
end)
WhitelistSection:AddButton('Bat', function()
game.ReplicatedStorage.RemoteEvents.GiveTool:FireServer("Bat")
end)
WhitelistSection:AddButton('Apple', function()
game.ReplicatedStorage.RemoteEvents.GiveTool:FireServer("Apple")
end)
WhitelistSection:AddButton('TeddyBloxpin', function()
game.ReplicatedStorage.RemoteEvents.GiveTool:FireServer("TeddyBloxpin")
end)
WhitelistSection:AddButton('Linked Sword', function()
game.ReplicatedStorage.RemoteEvents.GiveTool:FireServer("LinkedSword")
end)
WhitelistSection:AddButton('Plank', function()
game.ReplicatedStorage.RemoteEvents.GiveTool:FireServer("Plank")
end)
WhitelistSection:AddButton('Medkit', function()
game.ReplicatedStorage.RemoteEvents.GiveTool:FireServer("MedKit")
end)
WhitelistSection:AddButton('Cure', function()
game.ReplicatedStorage.RemoteEvents.GiveTool:FireServer("Cure")
end)
WhitelistSection:AddButton('Cookie', function()
game.ReplicatedStorage.RemoteEvents.GiveTool:FireServer("Cookie")
end)
local AimingTab = CenterHubNo1:CreateTab("teleport")
local WhitelistSection = AimingTab:CreateSector("teleport", "left")
WhitelistSection:AddLabel("|teleport|")
WhitelistSection:AddSeperator("teleport")
WhitelistSection:AddButton('Home', function()
game.Players.LocalPlayer.Character.HumanoidRootPart.CFrame = CFrame.new(-36, 3, -200)
end)
WhitelistSection:AddButton('basement', function()
game.Players.LocalPlayer.Character.HumanoidRootPart.CFrame = CFrame.new(71, -15, -163)
end)
WhitelistSection:AddButton('attic', function()
game.Players.LocalPlayer.Character.HumanoidRootPart.CFrame = CFrame.new(-16, 35, -220)
end)
WhitelistSection:AddButton('shop', function()
game.Players.LocalPlayer.Character.HumanoidRootPart.CFrame = CFrame.new(-422, 3, -121)
end)
WhitelistSection:AddButton('Sewer', function()
game.Players.LocalPlayer.Character.HumanoidRootPart.CFrame = CFrame.new(129, 3, -125)
end)
WhitelistSection:AddButton('boss room', function()
game.Players.LocalPlayer.Character.HumanoidRootPart.CFrame = CFrame.new(-39, -287, -1480)
end)
local AimingTab = CenterHubNo1:CreateTab("lobby")
local WhitelistSection = AimingTab:CreateSector("lobby", "left")
WhitelistSection:AddLabel("|lobby|")
WhitelistSection:AddSeperator("kid")
WhitelistSection:AddButton('The Stealthy', function()
local A_1 = "TeddyBloxpin"
local A_2 = true
local A_3 = false
local Event = game:GetService("ReplicatedStorage").RemoteEvents.MakeRole
Event:FireServer(A_1, A_2, A_3)
end)
WhitelistSection:AddButton('The Hungry', function()
local A_1 = "Chips"
local A_2 = true
local A_3 = false
local Event = game:GetService("ReplicatedStorage").RemoteEvents.MakeRole
Event:FireServer(A_1, A_2, A_3)
end)
WhitelistSection:AddButton('The Fighter', function()
local A_1 = "Sword"
local A_2 = true
local Event = game:GetService("ReplicatedStorage").RemoteEvents.OutsideRole
Event:FireServer(A_1, A_2)
end)
WhitelistSection:AddSeperator("Adult")
WhitelistSection:AddButton('The Protector', function()
local A_1 = "Bat"
local A_2 = true
local Event = game:GetService("ReplicatedStorage").RemoteEvents.OutsideRole
Event:FireServer(A_1, A_2)
end)
WhitelistSection:AddButton('The Medic', function()
local A_1 = "MedKit"
local A_2 = false
local A_3 = false
local Event = game:GetService("ReplicatedStorage").RemoteEvents.MakeRole
Event:FireServer(A_1, A_2, A_3)
end)
WhitelistSection:AddButton('The Officer', function()
local A_1 = "Gun"
local A_2 = true
local Event = game:GetService("ReplicatedStorage").RemoteEvents.OutsideRole
Event:FireServer(A_1, A_2)
end)
WhitelistSection:AddButton('The Swat', function()
local A_1 = "SwatGun"
local A_2 = true
local Event = game:GetService("ReplicatedStorage").RemoteEvents.OutsideRole
Event:FireServer(A_1, A_2)
end)
end)
Section:NewButton("Meme Piece (กำลังแก้ใข)", "script Meme Piece", function()
local GetService = setmetatable({}, {
    __index = function(RightControl, key)
        return game:GetService(key)
    end
})
local Library = loadstring(game:HttpGet("https://pastebin.com/raw/PTrFUueU"))()
local NotifyLibrary = loadstring(game:HttpGet("https://raw.githubusercontent.com/Kinlei/Dynissimo/main/Scripts/AkaliNotif.lua"))()
local Notify = NotifyLibrary.Notify
Library.theme.accentcolor = Color3.new(1)

local RunService = GetService.RunService
local Players = GetService.Players
local LocalPlayer = Players.LocalPlayer
local Mouse = LocalPlayer:GetMouse()
local CurrentCamera = workspace.CurrentCamera
local UserInputService = GetService.UserInputService
local GuiInset = GetService.GuiService:GetGuiInset()
local AimbotFOV = Drawing.new("Circle")
AimbotFOV.Thickness = 1
local SilentAimFOV = Drawing.new("Circle")
SilentAimFOV.Thickness = 1
local Insert = table.insert
local Network = GetService.NetworkClient
local PuppywareFolder = Instance.new("Folder", workspace)
PuppywareFolder.Name = "cultware-Folder"
local StarterGui = GetService.StarterGui
local ReplicatedStorage = GetService.ReplicatedStorage
local Window = Library:CreateWindow("Kawnew X HUB I Meme piece                  [Right Control]", Vector2.new(492, 598), Enum.KeyCode.RightControl)
local AimingTab = Window:CreateTab("autofarm")
local LegitSection = AimingTab:CreateSector("auto farm", "left")
LegitSection:AddToggle('auto farm AFK ', false, function(farm)
    _G.coin = farm;
while _G.coin do wait()
game.Players.LocalPlayer.Character.HumanoidRootPart.CFrame = CFrame.new(-198.15094, 51.8522797, -34.3558769, -0.0115413349, 4.28324682e-08, 0.999933422, 2.31880897e-08, 1, -4.25676809e-08, -0.999933422, 2.26952572e-08, -0.0115413349)
    wait(0.1)
local Event = game:GetService("ReplicatedStorage").SkillRemotes.MuMuA.B
Event:FireServer()
    wait(0.1)
end
end)
LegitSection:AddToggle('auto Bow', false, function(Bow)
    _G.coin = Bow;
while _G.coin do wait()
local Event = game:GetService("ReplicatedStorage").SkillRemotes.Bow.MR.A
Event:FireServer()
    wait(0.1)
end
end)
LegitSection:AddToggle('spam Skill', false, function(Skill)
    _G.coin = Skill;
while _G.coin do wait()
local Event = game:GetService("ReplicatedStorage").SkillRemotes.Flower.C
Event:FireServer()
    wait(0.1)
end
end)
LegitSection:AddToggle('Spam Skill V2', false, function(Skillv2)
    _G.coin = Skillv2;
while _G.coin do wait()
local Event = game:GetService("ReplicatedStorage").SkillRemotes.KruBa.C
Event:FireServer()
    wait(0.1)
end
end)
LegitSection:AddToggle('Spam Skill V3', false, function(Skillv3)
    _G.coin = Skillv3;
while _G.coin do wait()
local Event = game:GetService("ReplicatedStorage").SkillRemotes.KruBa.A
Event:FireServer()
    wait(0.1)
end
end)
LegitSection:AddToggle('Spam Skill V4', false, function(Skillv4)
    _G.coin = Skillv4;
while _G.coin do wait()
local Event = game:GetService("ReplicatedStorage").SkillRemotes.MuMuA.B
Event:FireServer()
    wait(0.1)
end
end)
LegitSection:AddToggle('Spam Skill V5', false, function(Skillv5)
    _G.coin = Skillv5;
while _G.coin do wait()
local Event = game:GetService("ReplicatedStorage").SkillRemotes.Minecraft.A
Event:FireServer()
    wait(0.1)
end
end)
LegitSection:AddToggle('GOD MODE (50%)', false, function(GOD)
    _G.coin = GOD;
while _G.coin do wait()
local Event = game:GetService("ReplicatedStorage").SkillRemotes.KruBa.B
Event:FireServer()
    wait(0.1)
end
end)
LegitSection:AddToggle('Spam Skill (Lag)', false, function(SkillLag)
    _G.coin = SkillLag;
while _G.coin do wait()
local Event = game:GetService("ReplicatedStorage").SkillRemotes.Minecraft.A
Event:FireServer()
    wait(0.1)
local Event = game:GetService("ReplicatedStorage").SkillRemotes.KruBa.A
Event:FireServer()
    wait(0.1)
local Event = game:GetService("ReplicatedStorage").SkillRemotes.MuMuA.B
Event:FireServer()
    wait(0.1)
end
end)
LegitSection:AddToggle('auto Kill Sea', false, function(Sea)
    _G.coin = Sea;
while _G.coin do wait()
game.Players.LocalPlayer.Character.HumanoidRootPart.CFrame = CFrame.new(-1649.09009, 12.9279757, -643.048523, -0.0109939501, 7.15265784e-08, 0.999939561, -4.9915208e-08, 1, -7.20797004e-08, -0.999939561, -5.07046352e-08, -0.0109939501)
    wait(0.1)
local Event = game:GetService("ReplicatedStorage").SkillRemotes.MuMuA.B
Event:FireServer()
    wait(0.1)
end
end)
local AimingTab = Window:CreateTab("auto Stats")
local WhitelistSection = AimingTab:CreateSector("Re Stats", "left")
WhitelistSection:AddButton('re', function()
local Event = game:GetService("ReplicatedStorage").NormalRemotes.ReStats
Event:FireServer()
end)
local LegitSection = AimingTab:CreateSector("auto Stats", "left")
LegitSection:AddToggle('Sword', false, function(Sword)
    _G.coin = Sword;
while _G.coin do wait()
local A_1 = 1
local Event = game:GetService("Players").ISADFAS.PlayerGui.Stats.St.LocalScript.RemoteEvent
Event:FireServer(A_1)
    wait(0.1)
end
end)
LegitSection:AddToggle('Health', false, function(Health)
    _G.coin = Health;
while _G.coin do wait()
local A_1 = 1
local Event = game:GetService("Players").ISADFAS.PlayerGui.Stats.Hp.LocalScript.RemoteEvent
Event:FireServer(A_1)
    wait(0.1)
end
end)
LegitSection:AddToggle('Devil Fruit', false, function(DevilFruit)
    _G.coin = DevilFruit;
while _G.coin do wait()
 local A_1 = 1
local Event = game:GetService("Players").ISADFAS.PlayerGui.Stats.Ab.LocalScript.RemoteEvent
Event:FireServer(A_1)
    wait(0.1)
end
end)
LegitSection:AddToggle('Bow', false, function(Bow)
    _G.coin = Bow;
while _G.coin do wait()
local A_1 = 1
local Event = game:GetService("Players").ISADFAS.PlayerGui.Stats.Bow.LocalScript.RemoteEvent
Event:FireServer(A_1)
    wait(0.1)
end
end)
local AimingTab = Window:CreateTab("Teleports")
local WhitelistSection = AimingTab:CreateSector("Teleports", "left")
WhitelistSection:AddButton('?', function()
game.Players.LocalPlayer.Character.HumanoidRootPart.CFrame = CFrame.new(17.5328674, 60.59589, 1872.3385, -0.999529719, -0.000426937797, -0.0306613166, -8.80509177e-09, 0.999903083, -0.0139226764, 0.0306642894, -0.0139161292, -0.999432862)
end)
WhitelistSection:AddButton('??', function()
game.Players.LocalPlayer.Character.HumanoidRootPart.CFrame = CFrame.new(-2181.62964, 12.0230417, -137.118439, 0.00707904715, 3.84477161e-08, -0.999974966, 6.33832653e-10, 1, 3.8453166e-08, 0.999974966, -9.0602853e-10, 0.00707904715)
end)
WhitelistSection:AddButton('shop', function()
game.Players.LocalPlayer.Character.HumanoidRootPart.CFrame = CFrame.new(-1081.91516, 14.5241947, -1077.06348, -0.034812361, 1.49434225e-08, 0.99939388, -1.30824751e-09, 1, -1.49980579e-08, -0.99939388, -1.82957238e-09, -0.034812361)
end)
WhitelistSection:AddButton('Sea', function()
game.Players.LocalPlayer.Character.HumanoidRootPart.CFrame = CFrame.new(-1621.09692, 15.9269485, -643.506104, -0.0225928128, -2.93611411e-08, 0.999744773, 2.46256882e-08, 1, 2.99251433e-08, -0.999744773, 2.52954955e-08, -0.0225928128)
end)
WhitelistSection:AddButton('Boss God MODE', function()
game.Players.LocalPlayer.Character.HumanoidRootPart.CFrame = CFrame.new(-131.811752, 62.1860886, -1254.47803, 0.0376553349, -0.00184944156, -0.999289095, 8.59761684e-09, 0.999998271, -0.00185075379, 0.999290764, 6.96821662e-05, 0.0376552716)
end)
WhitelistSection:AddButton('1+Level', function()
game.Players.LocalPlayer.Character.HumanoidRootPart.CFrame = CFrame.new(-318.699371, 14.7280741, -794.525574, 0.0208159536, -5.59497586e-08, 0.999783337, 4.58711433e-08, 1, 5.50068258e-08, -0.999783337, 4.47161845e-08, 0.0208159536)
end)
WhitelistSection:AddButton('20+Level', function()
game.Players.LocalPlayer.Character.HumanoidRootPart.CFrame = CFrame.new(328.883087, 14.7280722, -724.255737, -0.0278689358, 4.2559126e-08, -0.999611557, 1.03752706e-09, 1, 4.25467377e-08, 0.999611557, 1.48608251e-10, -0.0278689358)
end)
WhitelistSection:AddButton('50+Level', function()
game.Players.LocalPlayer.Character.HumanoidRootPart.CFrame = CFrame.new(-49.7145805, 41.7039185, -215.00676, -0.85800916, -1.89626999e-08, 0.513634384, 5.95689675e-09, 1, 4.68694701e-08, -0.513634384, 4.32741025e-08, -0.85800916)
end)
WhitelistSection:AddButton('100+Level', function()
game.Players.LocalPlayer.Character.HumanoidRootPart.CFrame = CFrame.new(58.1003914, 88.408844, -900.526367, -0.205976918, -3.34965762e-08, 0.978556871, 2.6557625e-09, 1, 3.47896005e-08, -0.978556871, 9.76466907e-09, -0.205976918)
end)
WhitelistSection:AddButton('250+Level', function()
game.Players.LocalPlayer.Character.HumanoidRootPart.CFrame = CFrame.new(-844.088806, 87.263237, -273.836365, -0.428292185, 4.62328202e-08, 0.90364033, -9.51538137e-09, 1, -5.56727997e-08, -0.90364033, -3.24427063e-08, -0.428292185)
end)
WhitelistSection:AddButton('750+Level', function()
game.Players.LocalPlayer.Character.HumanoidRootPart.CFrame = CFrame.new(-1092.20264, 87.311409, -12.796711, 0.942089319, 4.0607091e-08, -0.335362077, -1.59953277e-08, 1, 7.61507195e-08, 0.335362077, -6.63765576e-08, 0.942089319)
end)
WhitelistSection:AddButton('1000+Level', function()
game.Players.LocalPlayer.Character.HumanoidRootPart.CFrame = CFrame.new(792.927124, 84.3473587, -585.926086, -0.240341336, -7.71602728e-08, 0.970688462, -5.69336578e-08, 1, 6.53935501e-08, -0.970688462, -3.95480697e-08, -0.240341336)
end)
WhitelistSection:AddButton('2000+Level', function()
game.Players.LocalPlayer.Character.HumanoidRootPart.CFrame = CFrame.new(-207.649078, 54.2988129, -31.5066185, 0.933281064, 3.78724963e-08, 0.359146893, -4.37855086e-10, 1, -1.04313457e-07, -0.359146893, 9.71965193e-08, 0.933281064)
end)
WhitelistSection:AddButton('INF+Level', function()
game.Players.LocalPlayer.Character.HumanoidRootPart.CFrame = CFrame.new(-894.458191, 74.0081177, -1129.09509, 0.732183516, -8.32626057e-08, -0.681107402, 1.03289295e-07, 1, -1.12109904e-08, 0.681107402, -6.21425968e-08, 0.732183516)
end)
local AimingTab = Window:CreateTab("Buy item")
local LegitSection = AimingTab:CreateSector("auto Buy item", "left")
LegitSection:AddToggle('auto buy Devil Fruit', false, function(Fruit)
    _G.coin = Fruit;
while _G.coin do wait()
local A_1 = game:GetService("Players").ISADFAS
local Event = game:GetService("ReplicatedStorage").NormalRemotes.Fruit
Event:FireServer(A_1)
    wait(0.1)
end
end)
LegitSection:AddToggle('auto buy OP Fruit', false, function(OP)
    _G.coin = OP;
while _G.coin do wait()
local Event = game:GetService("ReplicatedStorage").NormalRemotes.OP
Event:FireServer()
    wait(0.1)
end
end)
LegitSection:AddToggle('auto buy Mi', false, function(Mi)
    _G.coin = Mi;
while _G.coin do wait()
local Event = game:GetService("ReplicatedStorage").NormalRemotes.Mi
Event:FireServer()
    wait(0.1)
end
end)
LegitSection:AddToggle('auto buy Bacon', false, function(Mi)
    _G.coin = Mi;
while _G.coin do wait()
local Event = game:GetService("ReplicatedStorage").NormalRemotes.Bacon
Event:FireServer()
    wait(0.1)
end
end)
local WhitelistSection = AimingTab:CreateSector("Buy item", "right")
WhitelistSection:AddButton('buy Devil Fruit', function()
local A_1 = game:GetService("Players").ISADFAS
local Event = game:GetService("ReplicatedStorage").NormalRemotes.Fruit
Event:FireServer(A_1)
end)
WhitelistSection:AddButton('buy OP Fruit', function()
local Event = game:GetService("ReplicatedStorage").NormalRemotes.OP
Event:FireServer()
end)
WhitelistSection:AddButton('buy Mi', function()
local Event = game:GetService("ReplicatedStorage").NormalRemotes.Mi
Event:FireServer()
end)
WhitelistSection:AddButton('buy Bacon', function()
local Event = game:GetService("ReplicatedStorage").NormalRemotes.Bacon
Event:FireServer()
end)
local AimingTab = Window:CreateTab("Main")
local WhitelistSection = AimingTab:CreateSector("GIVE item", "left")
WhitelistSection:AddButton('GIVE ALLL item', function()
for i,v in pairs(game.ReplicatedStorage.Tools:GetChildren()) do
if v:IsA("RemoteEvent") then
v:FireServer()
end
end
end)
end)
Section:NewButton("Build A Boat For Treasure", "script Build A Boat For Treasure", function()
local GetService = setmetatable({}, {
    __index = function(RightControl, key)
        return game:GetService(key)
    end
})
local Library = loadstring(game:HttpGet("https://pastebin.com/raw/PTrFUueU"))()
local NotifyLibrary = loadstring(game:HttpGet("https://raw.githubusercontent.com/Kinlei/Dynissimo/main/Scripts/AkaliNotif.lua"))()
local Notify = NotifyLibrary.Notify
Library.theme.accentcolor = Color3.new(1)

